COUNT: 13694
MAX_ACTIVE: 2026-02-22 10:43:51.492766+00:00
NOW: 2026-02-22 10:43:51.912861+00:00
